 A=[1 2 2 ; 1 0 2 ; 3 1 -1]

A =

     1     2     2
     1     0     2
     3     1    -1

>> E1=[1 0 0 ; -1 1 0 ; -3 0 1]

E1 =

     1     0     0
    -1     1     0
    -3     0     1

>> A1=E1*A

A1 =

     1     2     2
     0    -2     0
     0    -5    -7

>> E2=[1 0 0 ; 0 -1/2 0 ; 0 0 1]

E2 =

                         1                         0                         0
                         0                      -0.5                         0
                         0                         0                         1

>> A2=E2*A1

A2 =

     1     2     2
     0     1     0
     0    -5    -7

>> E3=[1 -2 0 ; 0 1 0 ; 0 5 1]

E3 =

     1    -2     0
     0     1     0
     0     5     1

>> A3=E3*A2

A3 =

     1     0     2
     0     1     0
     0     0    -7

>> E4=[1 0 0 ; 0 1 0 ; 0 0 -1/7]

E4 =

                         1                         0                         0
                         0                         1                         0
                         0                         0        -0.142857142857143

>> A4=E4*A3

A4 =

     1     0     2
     0     1     0
     0     0     1

>> E5=[1 0 -2 ; 0 1 0 ; 0 0 1]

E5 =

     1     0    -2
     0     1     0
     0     0     1

>> A5=E5*A4

A5 =

     1     0     0
     0     1     0
     0     0     1

>> inv(E1)*inv(E2)*inv(E3)*inv(sym(E4))*inv(E5)
 
ans =
 
[  1,  2,  2]
[  1,  0,  2]
[  3,  1, -1]
 
 
>> 